version https://git-lfs.github.com/spec/v1
oid sha256:ed803a7087da2bc60f711b684ced6d2193e0388c08714c23e7edfaeba26329ed
size 8501
