version https://git-lfs.github.com/spec/v1
oid sha256:54b4aa4041c57b9fd4125ec3d50005b1a75f3a01c3b9e414a8bef657b921551a
size 20060
